172233339
172233264
172233294
07032016
172233322
172233325
172233337
172233335
172233340
172233376
172233422
172233434
172233431
172233462
172233509
172233506
172234191
172234197
172234445
172234219
04052016
172234233
172234252
172234262
172234280
172234282
172234464
172234324
172234342
172234396
172234358
172234375
172234370
172234398
172234409
172234429
172234433
172234430
172234435
172234452
172234457
172234479
172234684
172234528
172234547
172234555
172234575
172234612
172234614
172234615
172234619
172234621
172234623
172234649
172234674
172234646
172234638
172234644
172234693
172234662
172234664
172234691
172234698
172234711
172234709
172234722
172234721
172234738
172234731
172234740
172234752
172234755
172234754
172234838
172234766
172234803
172234767
172234782
172234790
172234791
172234783
172234785
172234794
172234806
172234808
172234839
172234834
172234833
172234841
172234844
172234861
172234860
172234863
172234875
172234864
172234867
172234876
172234871
172234873
172234879
172234897
172234882
172234883
172234885
172234896
172234899
172234911
172234912
172234908
172234910
172234909
172234918
172234920
172234914
172234915
172234913
172234919
172234925
172234935
172234927
172234921
172234922
172234923
172234949
172234928
172234924
172234931
172234926
172234930
172234932
172234929
172234933
172234934
172234938
172234942
172234943
172234944
172234945
172234946
172234947
172234948
1001
1002
20160920
